codon_index,category,syn_changes,nonsyn_changes,n_variants,n_sequences,aa_states,codon_counts
2,nonsynonymous-only,0,1,5,8493,"R×2, G×1, K×1, M×1","ATG×4351, AGA×3939, AAA×105, AGG×94, GGA×4"
3,nonsynonymous-only,0,1,3,8493,"E×1, K×1, V×1","GAA×4349, AAA×4142, GTA×2"
4,nonsynonymous-only,0,1,3,8493,"T×2, N×1","AAT×7394, ACT×1072, ACA×27"
5,nonsynonymous-only,0,1,4,8494,"K×1, L×1, Q×1, R×1","AGA×4351, CAG×4138, AAG×4, TTG×1"
6,nonsynonymous-only,0,1,4,8494,"K×2, L×1, N×1","AAA×4351, AAG×4138, AAT×4, TTA×1"
7,nonsynonymous-only,0,1,4,8494,"E×1, I×1, V×1, Y×1","GAA×4351, ATT×4091, GTT×51, TAT×1"
8,nonsynonymous-only,0,1,5,8494,"L×3, A×1, V×1","TTA×4196, GTG×4108, CTA×155, CTG×33, GCG×2"
9,nonsynonymous-only,0,1,3,8494,"A×2, P×1","GCG×4192, CCA×4143, GCA×159"
10,synonymous-only,1,0,2,8494,I×2,"ATT×8335, ATC×159"
11,nonsynonymous-only,0,1,6,8494,"V×3, A×1, I×1, M×1","GTC×4347, GTG×4104, GCG×31, GTT×6, ATC×4, ATG×2"
12,nonsynonymous-only,0,1,5,8494,"S×3, I×1, T×1","ACA×4141, TCC×3762, TCA×575, TCT×14, ATA×2"
13,nonsynonymous-only,0,1,4,8494,"A×1, C×1, S×1, T×1","TGT×4351, GCT×4139, ACT×2, TCT×2"
14,nonsynonymous-only,0,1,2,8494,"C×1, S×1","TGC×4351, TCA×4143"
15,nonsynonymous-only,0,1,4,8494,"D×2, N×2","AAT×4350, GAC×4083, AAC×34, GAT×27"
16,nonsynonymous-only,0,1,2,8494,"E×1, T×1","ACC×4351, GAA×4143"
17,synonymous-only,1,0,2,8494,N×2,"AAC×4351, AAT×4143"
18,nonsynonymous-only,0,1,2,8494,"F×1, Y×1","TTT×4351, TAT×4143"
19,nonsynonymous-only,0,1,3,8494,"V×2, A×1","GCT×4143, GTA×3319, GTG×1032"
20,nonsynonymous-only,0,1,4,8494,"P×3, S×1","CCG×4197, CCT×4143, CCA×150, TCG×4"
21,nonsynonymous-only,0,1,2,8494,"H×1, Y×1","CAT×4346, TAT×4148"
22,synonymous-only,1,0,3,8494,L×3,"CTT×4351, TTG×4132, CTG×11"
23,nonsynonymous-only,0,1,3,8494,"A×1, N×1, T×1","GCT×4349, AAT×4143, ACT×2"
24,nonsynonymous-only,0,1,4,8494,"V×2, A×1, L×1","GCT×4351, GTA×4112, GTG×27, TTA×4"
25,nonsynonymous-only,0,1,3,8494,"I×1, M×1, T×1","ATG×8492, ACG×1, ATA×1"
26,nonsynonymous-only,0,1,4,8494,"F×1, I×1, L×1, M×1","TTT×4350, ATG×4116, ATA×27, CTT×1"
27,nonsynonymous-only,0,1,3,8494,"T×2, V×1","GTT×4351, ACA×4093, ACG×50"
28,nonsynonymous-only,0,1,2,8494,"S×1, T×1","TCA×4351, ACT×4143"
29,nonsynonymous-only,0,1,2,8494,"I×1, V×1","ATT×4351, GTT×4143"
30,synonymous-only,1,0,2,8494,L×2,"TTA×8488, CTA×6"
31,nonsynonymous-only,0,1,2,8494,"E×1, K×1","GAA×8480, AAA×14"
33,nonsynonymous-only,0,1,3,8494,"S×2, C×1","AGT×4350, TGT×4143, AGC×1"
34,nonsynonymous-only,0,1,3,8494,"P×2, H×1","CCT×4337, CAT×4143, CCC×14"
35,nonsynonymous-only,0,1,5,8494,"S×2, A×1, G×1, V×1","TCA×4351, GCG×3229, TCG×876, GGG×35, GTG×3"
36,nonsynonymous-only,0,1,6,8494,"A×3, E×1, K×1, N×1","GCG×4341, GAG×4115, AAT×27, GCA×5, GCT×5, AAG×1"
37,nonsynonymous-only,0,1,5,8494,"A×3, R×2","GCA×4336, AGA×4115, AGG×28, GCC×14, GCT×1"
38,nonsynonymous-only,0,1,6,8494,"S×3, A×1, P×1, V×1","GCT×4348, CCT×2380, TCT×1735, TCA×27, GTT×3, TCC×1"
39,nonsynonymous-only,0,1,2,8494,"I×1, V×1","GTT×8467, ATT×27"
40,nonsynonymous-only,0,1,2,8494,"H×1, Y×1","CAT×8492, TAT×2"
41,synonymous-only,1,0,2,8494,F×2,"TTT×8467, TTC×27"
43,synonymous-only,1,0,2,8495,V×2,"GTG×8210, GTA×285"
46,synonymous-only,1,0,2,8495,D×2,"GAC×4327, GAT×4168"
47,nonsynonymous-only,0,1,3,8495,"G×2, N×1","AAT×4351, GGG×4116, GGA×28"
48,nonsynonymous-only,0,1,5,8495,"I×3, L×2","ATC×4197, CTG×4117, ATT×153, TTA×27, ATA×1"
49,nonsynonymous-only,0,1,5,8495,"N×2, S×2, L×1","AAT×4337, TCG×4114, TCT×27, AAC×14, TTG×3"
50,nonsynonymous-only,0,1,3,8495,"F×1, I×1, L×1","TTT×4351, CTA×4117, ATA×27"
51,nonsynonymous-only,0,1,3,8495,"S×2, E×1","GAA×4351, TCT×4139, TCC×5"
53,synonymous-only,1,0,2,8495,K×2,"AAG×4351, AAA×4144"
54,nonsynonymous-only,0,1,3,8495,"Q×2, K×1","CAA×4337, AAA×4144, CAG×14"
55,nonsynonymous-only,0,1,6,8495,"L×2, A×1, E×1, T×1, V×1","CTA×4279, GCA×4106, TTA×72, ACA×29, GAA×8, GTA×1"
56,synonymous-only,1,0,3,8495,L×3,"CTC×4144, CTG×4123, TTG×228"
57,nonsynonymous-only,0,1,7,8495,"R×2, Y×2, K×1, L×1, Q×1","TAT×4072, CAA×1888, CGA×1876, CTA×369, TAC×279, AGA×10, AAA×1"
58,nonsynonymous-only,0,1,4,8495,"E×2, F×1, Q×1","TTT×4351, GAA×3820, CAA×299, GAG×25"
60,nonsynonymous-only,0,1,2,8495,"I×1, V×1","ATT×4387, GTT×4108"
61,nonsynonymous-only,0,1,3,8495,"K×2, S×1","AAA×4350, AGT×4144, AAG×1"
62,nonsynonymous-only,0,1,3,8495,"H×1, P×1, S×1","CAT×4350, AGT×4144, CCT×1"
63,nonsynonymous-only,0,1,7,8495,"T×3, N×2, I×1, Y×1","ACC×4325, AAC×4017, ATC×73, AAT×36, TAT×27, ACA×14, ACT×3"
64,nonsynonymous-only,0,1,2,8495,"Q×1, S×1","CAA×4351, TCA×4144"
65,nonsynonymous-only,0,1,5,8495,"I×2, Q×2, L×1","CAA×4132, ATC×4070, CTC×279, CAG×12, ATA×2"
66,nonsynonymous-only,0,1,4,8495,"N×2, I×1, S×1","AAT×7330, AGT×1127, ATT×24, AAC×14"
67,nonsynonymous-only,0,1,5,8495,"A×2, T×2, V×1","GCA×5752, GCG×2710, ACG×25, GTA×6, ACA×2"
68,nonsynonymous-only,0,1,3,8495,"E×1, K×1, T×1","GAG×4350, ACT×4144, AAG×1"
69,nonsynonymous-only,0,1,2,8495,"L×1, V×1","TTA×4351, GTT×4144"
70,nonsynonymous-only,0,1,2,8495,"E×1, T×1","ACA×4351, GAA×4144"
71,nonsynonymous-only,0,1,3,8495,"F×2, L×1","TTT×8464, TTC×27, TTA×4"
72,nonsynonymous-only,0,1,3,8495,"L×2, F×1","TTA×4271, CTA×4117, TTT×107"
73,nonsynonymous-only,0,1,2,8495,"K×1, T×1","AAA×4351, ACA×4144"
74,nonsynonymous-only,0,1,4,8495,"I×2, A×1, V×1","ATC×4265, GCA×4117, ATT×86, GTA×27"
75,nonsynonymous-only,0,1,3,8495,"N×2, D×1","AAC×4337, GAC×4144, AAT×14"
76,nonsynonymous-only,0,1,6,8495,"P×3, K×1, L×1, T×1","CCC×4244, AAA×4144, CCA×67, ACC×24, CCT×15, CTC×1"
77,nonsynonymous-only,0,1,6,8495,"H×2, E×1, L×1, N×1, Y×1","CAT×4332, GAA×4144, CAC×14, AAT×2, CTT×2, TAT×1"
78,nonsynonymous-only,0,1,4,8495,"V×3, F×1","TTT×4351, GTC×2331, GTT×1596, GTG×217"
79,nonsynonymous-only,0,1,2,8495,"F×1, Y×1","TTC×4351, TAT×4144"
80,nonsynonymous-only,0,1,2,8495,"K×1, Q×1","AAA×4351, CAA×4144"
81,synonymous-only,1,0,2,8495,N×2,"AAT×8481, AAC×14"
82,nonsynonymous-only,0,1,2,8495,"F×1, V×1","GTT×4351, TTT×4144"
83,nonsynonymous-only,0,1,2,8495,"L×1, V×1","GTA×4351, TTA×4144"
84,nonsynonymous-only,0,1,5,8498,"V×3, T×2","ACC×4337, GTG×4145, ACA×14, GTA×1, GTT×1"
86,nonsynonymous-only,0,1,4,8498,"D×2, E×2","GAT×4079, GAA×3453, GAG×898, GAC×68"
87,nonsynonymous-only,0,1,4,8498,"R×2, H×1, Q×1","CGA×4335, CAT×4147, CGG×14, CAA×2"
88,synonymous-only,1,0,3,8498,I×3,"ATT×8197, ATC×234, ATA×67"
89,nonsynonymous-only,0,1,4,8498,"P×2, L×1, T×1","CCC×4349, ACA×4147, CCA×1, CTC×1"
90,nonsynonymous-only,0,1,4,8498,"T×2, E×1, K×1","AAA×4337, ACG×4146, GAA×14, ACA×1"
91,synonymous-only,1,0,3,8498,T×3,"ACA×4351, ACC×4053, ACT×94"
92,nonsynonymous-only,0,1,4,8498,"A×3, S×1","GCT×5584, GCA×2832, GCC×81, TCA×1"
93,synonymous-only,1,0,2,8498,Y×2,"TAC×8480, TAT×18"
94,nonsynonymous-only,0,1,3,8498,"Y×2, L×1","TAC×4269, TTA×4147, TAT×82"
95,nonsynonymous-only,0,1,6,8498,"R×5, H×1","AGG×4336, CGC×4117, CGA×27, AGA×15, CGT×2, CAC×1"
96,nonsynonymous-only,0,1,2,8498,"I×1, V×1","ATT×8492, GTT×6"
97,nonsynonymous-only,0,1,4,8498,"A×2, S×1, V×1","GCT×4336, TCT×4147, GCA×14, GTT×1"
98,nonsynonymous-only,0,1,4,8498,"I×2, L×2","ATT×4320, TTA×4120, ATC×31, TTG×27"
99,synonymous-only,1,0,2,8498,P×2,"CCA×4375, CCG×4123"
100,nonsynonymous-only,0,1,3,8498,"D×1, E×1, S×1","GAG×4348, TCA×4147, GAC×3"
101,nonsynonymous-only,0,1,6,8498,"L×5, I×1","CTT×4120, CTG×3367, TTG×901, TTA×81, ATT×27, CTA×2"
102,nonsynonymous-only,0,1,3,8498,"F×1, I×1, L×1","TTT×4351, TTA×4146, ATA×1"
103,nonsynonymous-only,0,1,3,8498,"G×1, Q×1, R×1","AGA×4347, CAA×4147, GGA×4"
104,nonsynonymous-only,0,1,6,8498,"G×2, E×1, I×1, K×1, R×1","GGA×4311, AAA×4147, GAA×21, AGA×11, GGC×5, ATA×3"
105,nonsynonymous-only,0,1,3,8498,"S×1, T×1, Y×1","AGC×4350, TAT×4147, ACC×1"
106,nonsynonymous-only,0,1,4,8498,"C×1, H×1, Q×1, S×1","CAG×4336, AGC×4146, CAT×15, TGC×1"
107,nonsynonymous-only,0,1,4,8498,"I×2, Y×2","ATC×4325, TAT×4136, ATT×26, TAC×11"
108,nonsynonymous-only,0,1,3,8498,"D×1, E×1, K×1","GAA×4270, AAA×4147, GAC×81"
109,nonsynonymous-only,0,1,5,8498,"R×3, K×2","CGG×4279, AAG×4120, CGA×66, AAA×27, AGG×6"
110,nonsynonymous-only,0,1,4,8498,"L×2, V×2","CTG×4269, GTT×4120, CTT×82, GTC×27"
111,synonymous-only,1,0,3,8498,L×3,"TTG×4270, CTT×4147, TTA×81"
113,nonsynonymous-only,0,1,2,8498,"L×1, M×1","ATG×4351, TTA×4147"
115,nonsynonymous-only,0,1,3,8498,"A×1, C×1, S×1","TGT×4350, GCA×4147, AGT×1"
116,synonymous-only,1,0,2,8498,D×2,"GAC×4378, GAT×4120"
117,nonsynonymous-only,0,1,2,8500,"M×1, T×1","ATG×4358, ACG×4142"
118,nonsynonymous-only,0,1,5,8500,"L×3, F×1, I×1","ATT×4352, CTG×2050, CTT×1996, TTT×101, TTG×1"
119,nonsynonymous-only,0,1,4,8500,"A×3, V×1","GCC×4283, GTT×4147, GCA×66, GCT×4"
120,synonymous-only,1,0,3,8500,L×3,"TTA×8455, CTA×31, TTG×14"
121,synonymous-only,1,0,2,8500,D×2,"GAT×7700, GAC×800"
122,nonsynonymous-only,0,1,3,8500,"D×2, G×1","GAT×8411, GAC×88, GGT×1"
123,nonsynonymous-only,0,1,4,8500,"I×2, V×2","GTC×4297, ATT×4016, GTT×131, ATC×56"
124,nonsynonymous-only,0,1,3,8500,"A×2, V×1","GCA×4353, GTC×4113, GCC×34"
125,nonsynonymous-only,0,1,3,8500,"Q×2, K×1","AAA×4353, CAG×4113, CAA×34"
126,synonymous-only,1,0,3,8523,L×3,"TTA×4353, TTG×4169, CTA×1"
127,nonsynonymous-only,0,1,2,8523,"W×1, Y×1","TGG×4353, TAT×4170"
128,nonsynonymous-only,0,1,2,8523,"D×1, T×1","ACA×4353, GAT×4170"
129,nonsynonymous-only,0,1,3,8523,"V×2, T×1","ACG×4170, GTT×4169, GTA×184"
130,nonsynonymous-only,0,1,3,8523,"D×1, N×1, P×1","GAT×4352, CCA×4170, AAT×1"
132,nonsynonymous-only,0,1,4,8523,"V×2, A×1, G×1","GGT×4353, GTG×4140, GCG×28, GTA×2"
133,nonsynonymous-only,0,1,5,8523,"N×2, E×1, Q×1, S×1","GAA×4347, AAC×4156, AAT×13, CAA×6, AGC×1"
134,nonsynonymous-only,0,1,3,8523,"N×1, Q×1, R×1","AAT×4353, CAA×4169, CGA×1"
135,nonsynonymous-only,0,1,3,8523,"I×2, T×1","ATC×4339, ACG×4170, ATT×14"
136,nonsynonymous-only,0,1,3,8523,"I×2, V×1","ATC×4294, ATT×4219, GTC×10"
137,nonsynonymous-only,0,1,5,8523,"A×3, G×2","GCC×4249, GGC×3866, GGT×304, GCT×69, GCA×35"
138,synonymous-only,1,0,3,8523,A×3,"GCT×4353, GCG×4108, GCA×62"
139,synonymous-only,1,0,3,8523,V×3,"GTT×6412, GTG×1992, GTA×119"
141,synonymous-only,1,0,2,11,R×2,"CGA×10, CGC×1"
142,nonsynonymous-only,0,1,4,4171,"F×1, P×1, R×1, S×1","TCC×4142, CCC×27, CGC×1, TTC×1"
145,nonsynonymous-only,0,1,4,8521,"A×1, G×1, R×1, S×1","AGA×4349, TCA×2931, GCA×1239, GGA×2"
146,nonsynonymous-only,0,1,4,8521,"C×1, F×1, S×1, Y×1","TGC×4349, AGC×4170, TAC×1, TTC×1"
147,nonsynonymous-only,0,1,3,8521,"I×1, R×1, W×1","AGG×4350, ATA×4170, TGG×1"
148,nonsynonymous-only,0,1,5,8521,"F×2, C×1, I×1, V×1","GTT×4267, TGC×4169, ATT×70, TTT×14, TTC×1"
149,nonsynonymous-only,0,1,3,8521,"F×1, L×1, P×1","CCA×4351, CTT×3989, TTT×181"
150,nonsynonymous-only,0,1,5,8521,"E×1, K×1, L×1, P×1, S×1","TCA×4336, GAA×4143, AAA×27, CCA×14, TTA×1"
151,nonsynonymous-only,0,1,3,8520,"T×2, M×1","ACG×8518, ACA×1, ATG×1"
152,nonsynonymous-only,0,1,2,8520,"F×1, Y×1","TTT×8518, TAT×2"
153,nonsynonymous-only,0,1,3,8520,"G×2, V×1","GGA×4350, GGG×4169, GTA×1"
156,nonsynonymous-only,0,1,4,8517,"G×2, I×1, V×1","GGC×4345, ATC×4169, GGT×2, GTC×1"
157,nonsynonymous-only,0,1,5,8519,"D×1, H×1, P×1, R×1, Y×1","GAT×5079, CAT×3185, CGT×179, TAT×75, CCT×1"
158,nonsynonymous-only,0,1,4,8519,"S×3, F×1","TCC×7902, TCA×614, TCT×2, TTC×1"
159,nonsynonymous-only,0,1,4,4349,"C×2, R×1, Y×1","TGC×4307, TGT×21, CGC×14, TAC×7"
160,nonsynonymous-only,0,1,2,4349,"K×1, R×1","AGA×4334, AAA×15"
161,nonsynonymous-only,0,1,2,4349,"I×1, T×1","ATC×4347, ACC×2"
162,nonsynonymous-only,0,1,2,8518,"R×1, Y×1","TAT×4349, CGA×4169"
163,nonsynonymous-only,0,1,2,8519,"L×1, V×1","GTG×4349, TTA×4170"
167,nonsynonymous-only,0,1,2,8518,"F×1, L×1","CTC×4348, TTC×4170"
168,nonsynonymous-only,0,1,2,8518,"R×1, W×1","AGG×8503, TGG×15"
169,nonsynonymous-only,0,1,3,8518,"G×1, L×1, S×1","CTT×4348, AGT×4143, GGT×27"
170,nonsynonymous-only,0,1,4,8518,"H×1, I×1, V×1, Y×1","GTT×4346, TAT×2572, CAT×1598, ATT×2"
171,nonsynonymous-only,0,1,4,8518,"A×1, D×1, T×1, V×1","GCT×4269, GAT×4170, GTT×68, ACT×11"
172,nonsynonymous-only,0,1,3,8516,"D×1, N×1, Y×1","AAT×4346, TAT×2894, GAT×1276"
174,nonsynonymous-only,0,1,3,8516,"C×1, F×1, Y×1","TGT×4367, TAT×4147, TTT×2"
175,nonsynonymous-only,0,1,3,69,"K×1, S×1, W×1","AAA×67, TCA×1, TGG×1"
176,nonsynonymous-only,0,1,4,8516,"P×2, K×1, S×1","AAA×4346, CCG×4142, TCG×27, CCA×1"
177,nonsynonymous-only,0,1,3,8516,"I×1, M×1, V×1","ATG×8388, GTG×127, ATT×1"
178,nonsynonymous-only,0,1,3,8516,"V×2, E×1","GTT×4346, GAA×4166, GTA×4"
179,nonsynonymous-only,0,1,7,8516,"D×2, R×2, E×1, G×1, K×1","GAA×4235, CGA×4169, GGA×81, GAC×23, GAT×6, AAA×1, AGA×1"
180,nonsynonymous-only,0,1,3,8516,"A×1, E×1, F×1","TTT×4346, GAA×4091, GCA×79"
181,nonsynonymous-only,0,1,2,8516,"R×1, S×1","AGA×4346, AGC×4170"
184,nonsynonymous-only,0,1,3,8516,"H×1, N×1, Y×1","AAC×4346, CAC×4152, TAC×18"
185,nonsynonymous-only,0,1,8,8512,"P×2, A×1, E×1, H×1, N×1, S×1, Y×1","CAC×4283, GCA×1881, CCA×1536, TCA×513, CCG×235, TAC×60, AAC×3, GAA×1"
187,nonsynonymous-only,0,1,3,8516,"N×1, S×1, T×1","AGT×4343, AAC×4170, ACT×3"
188,nonsynonymous-only,0,1,3,8516,"F×1, L×1, N×1","CTT×4278, AAT×4170, TTT×68"
189,nonsynonymous-only,0,1,4,8516,"K×2, N×1, S×1","AAG×4328, TCA×4170, AAC×15, AAA×3"
190,nonsynonymous-only,0,1,3,8516,"I×2, V×1","ATT×4346, GTA×4164, ATA×6"
191,nonsynonymous-only,0,1,3,8516,"F×1, S×1, Y×1","TAT×4346, TCT×4169, TTT×1"
192,nonsynonymous-only,0,1,2,4170,"K×1, R×1","AGA×4169, AAA×1"
193,nonsynonymous-only,0,1,4,8516,"R×2, K×1, T×1","AGA×8428, ACA×82, AAA×3, AGG×3"
195,nonsynonymous-only,0,1,5,8485,"S×2, F×1, R×1, W×1","TCC×4339, TGG×4112, CGG×27, TTC×6, TCT×1"
196,nonsynonymous-only,0,1,4,8516,"R×2, E×1, G×1","AGA×4319, GGA×4106, CGA×67, GAA×24"
197,nonsynonymous-only,0,1,3,4185,"K×1, P×1, S×1","CCG×4143, TCG×27, AAA×15"
198,nonsynonymous-only,0,1,3,8516,"D×1, H×1, I×1","ATT×4346, CAT×4143, GAT×27"
199,nonsynonymous-only,0,1,4,8516,"C×1, N×1, S×1, T×1","ACG×4346, AGT×3775, AAT×368, TGT×27"
200,nonsynonymous-only,0,1,3,8516,"L×2, F×1","TTT×4346, TTA×3789, CTA×381"
201,nonsynonymous-only,0,1,2,8516,"P×1, S×1","CCA×4326, TCA×4190"
203,nonsynonymous-only,0,1,3,8511,"L×1, P×1, S×1","TCA×7669, CCA×841, TTA×1"
206,nonsynonymous-only,0,1,3,8515,"F×1, I×1, L×1","ATT×4346, TTT×4142, CTT×27"
207,nonsynonymous-only,0,1,2,8515,"E×1, K×1","GAA×4345, AAA×4170"
208,nonsynonymous-only,0,1,3,8515,"C×1, H×1, R×1","TGC×4346, CGC×4156, CAC×13"
209,nonsynonymous-only,0,1,5,8515,"C×1, G×1, P×1, R×1, Y×1","GGT×4331, TGT×3156, CGT×998, CCT×15, TAT×15"
210,nonsynonymous-only,0,1,2,8515,"F×1, S×1","TTT×4346, TCT×4169"
211,nonsynonymous-only,0,1,3,8515,"L×2, T×1","ACA×4346, TTA×4153, CTA×16"
213,nonsynonymous-only,0,1,5,8515,"P×2, L×1, R×1, S×1","CCG×4174, AGA×4169, CTG×155, TCG×15, CCA×2"
214,synonymous-only,1,0,2,8515,L×2,"TTG×8498, CTG×17"
215,nonsynonymous-only,0,1,4,8511,"A×2, D×1, V×1","GAC×4341, GCT×4142, GTT×27, GCC×1"
216,nonsynonymous-only,0,1,7,8511,"P×2, S×2, H×1, I×1, L×1","AGC×4168, CCT×3559, CCA×528, CTT×253, ATC×1, CAT×1, TCT×1"
217,nonsynonymous-only,0,1,5,8511,"F×1, L×1, P×1, S×1, V×1","GTT×3998, TCT×2719, TTT×1769, CTT×23, CCT×2"
218,nonsynonymous-only,0,1,4,8511,"A×1, I×1, R×1, T×1","AGA×4168, GCA×3732, ACA×610, ATA×1"
219,nonsynonymous-only,0,1,2,8510,"S×1, T×1","TCC×4342, ACC×4168"
220,nonsynonymous-only,0,1,5,4183,"K×2, Q×2, E×1","AAG×4122, GAG×27, CAA×15, AAA×13, CAG×6"
221,nonsynonymous-only,0,1,2,8510,"M×1, V×1","GTG×4342, ATG×4168"
223,nonsynonymous-only,0,1,3,8509,"C×1, R×1, Y×1","TAT×4168, CGC×3524, TGC×817"
224,nonsynonymous-only,0,1,4,8509,"A×1, E×1, P×1, T×1","CCA×4327, GCA×4167, ACA×14, GAA×1"
226,nonsynonymous-only,0,1,4,8509,"V×2, A×1, I×1","GTC×4141, GTT×4074, GCT×267, ATC×27"
227,nonsynonymous-only,0,1,4,8509,"I×2, F×1, M×1","ATA×4337, TTT×4168, ATG×3, ATC×1"
228,nonsynonymous-only,0,1,3,8494,"F×2, S×1","TTC×4309, AGT×4168, TTT×17"
229,nonsynonymous-only,0,1,4,8509,"C×1, F×1, I×1, Y×1","TGT×4218, TTT×4141, TAT×123, ATT×27"
231,nonsynonymous-only,0,1,4,8509,"K×2, S×2","AAG×4339, TCG×4154, TCA×14, AAA×2"
232,nonsynonymous-only,0,1,3,8509,"Q×1, R×1, S×1","CGA×4210, TCA×4168, CAA×131"
234,nonsynonymous-only,0,1,4,8509,"N×2, G×1, S×1","AAC×4324, AGC×4168, GGC×15, AAT×2"
235,nonsynonymous-only,0,1,2,8509,"A×1, I×1","ATC×4341, GCC×4168"
236,nonsynonymous-only,0,1,4,4368,"E×1, G×1, Q×1, R×1","CAA×3476, CGA×867, GAA×23, GGA×2"
237,nonsynonymous-only,0,1,2,4341,"L×1, Q×1","CTA×4326, CAA×15"
238,nonsynonymous-only,0,1,2,4341,"F×1, Y×1","TTT×4326, TAT×15"
239,nonsynonymous-only,0,1,3,4341,"L×1, M×1, T×1","ATG×4248, TTG×83, ACG×10"
240,nonsynonymous-only,0,1,3,8495,"E×1, K×1, R×1","GAG×4341, AAG×2986, AGG×1168"
241,nonsynonymous-only,0,1,2,4168,"L×1, P×1","CCT×3000, CTT×1168"
242,nonsynonymous-only,0,1,2,4168,"I×1, T×1","ATC×2973, ACC×1195"
244,nonsynonymous-only,0,1,3,8509,"N×2, D×1","AAT×4168, AAC×3367, GAC×974"
245,nonsynonymous-only,0,1,2,8505,"N×1, Y×1","AAT×4341, TAT×4164"
246,nonsynonymous-only,0,1,2,8509,"I×1, M×1","ATG×5545, ATA×2964"
247,nonsynonymous-only,0,1,4,8509,"K×2, Q×1, T×1","CAG×4165, AAG×4108, ACG×235, AAA×1"
248,nonsynonymous-only,0,1,4,8509,"K×2, R×1, W×1","AAA×4340, CGG×4167, AAG×1, TGG×1"
249,nonsynonymous-only,0,1,2,8509,"E×1, R×1","CGA×4341, GAA×4168"
250,nonsynonymous-only,0,1,2,8509,"E×1, I×1","GAA×4341, ATC×4168"
251,nonsynonymous-only,0,1,2,8509,"E×1, K×1","GAG×4341, AAG×4168"
252,nonsynonymous-only,0,1,6,8509,"D×1, H×1, I×1, N×1, R×1, S×1","CAC×4275, AGC×4132, GAC×50, AAC×27, CGC×16, ATC×9"
253,nonsynonymous-only,0,1,2,8509,"H×1, Q×1","CAT×4341, CAG×4168"
254,nonsynonymous-only,0,1,6,8508,"P×2, L×1, Q×1, R×1, T×1","CCA×4308, CGA×4162, CAA×22, CCG×9, CTA×6, ACA×1"
256,nonsynonymous-only,0,1,3,8509,"F×1, S×1, Y×1","TCC×4244, TTC×4173, TAC×92"
257,nonsynonymous-only,0,1,2,8509,"I×1, T×1","ACT×4341, ATT×4168"
258,synonymous-only,1,0,2,8509,L×2,"TTA×8508, TTG×1"
260,nonsynonymous-only,0,1,5,8509,"A×1, D×1, G×1, N×1, V×1","GCC×3472, GAC×2770, GTC×2265, AAC×1, GGC×1"
261,nonsynonymous-only,0,1,3,8509,"I×1, M×1, T×1","ATG×4368, ACG×4140, ATT×1"
262,nonsynonymous-only,0,1,2,8508,"I×1, S×1","TCA×4340, ATA×4168"
264,nonsynonymous-only,0,1,3,8509,"H×1, L×1, P×1","CTT×6721, CCT×1787, CAT×1"
266,nonsynonymous-only,0,1,2,4341,"P×1, R×1","CGA×4326, CCA×15"
268,nonsynonymous-only,0,1,2,4341,"H×1, N×1","AAT×4339, CAT×2"
269,nonsynonymous-only,0,1,2,4341,"F×1, S×1","TTC×4325, TCC×16"
270,nonsynonymous-only,0,1,3,4341,"K×1, N×1, S×1","AGT×4324, AAG×15, AAT×2"
271,nonsynonymous-only,0,1,2,4341,"A×1, G×1","GGT×4326, GCA×15"
272,nonsynonymous-only,0,1,2,4341,"E×1, I×1","ATA×4326, GAA×15"
273,nonsynonymous-only,0,1,2,4341,"P×1, Q×1","CCA×4326, CAA×15"
274,nonsynonymous-only,0,1,4,4341,"N×2, S×2","AGC×4202, AAC×97, AGT×27, AAT×15"
275,nonsynonymous-only,0,1,2,4341,"I×1, V×1","GTT×4326, ATT×15"
278,nonsynonymous-only,0,1,2,4341,"I×1, T×1","ATC×4326, ACC×15"
280,nonsynonymous-only,0,1,3,8509,"T×2, M×1","ATG×4386, ACG×4096, ACA×27"
281,nonsynonymous-only,0,1,2,8509,"L×1, R×1","CGA×4341, TTA×4168"
282,nonsynonymous-only,0,1,3,8503,"E×1, I×1, T×1","GAA×4162, ATA×3029, ACA×1312"
283,nonsynonymous-only,0,1,3,8490,"G×1, N×1, V×1","GGA×4324, AAT×4164, GTA×2"
284,nonsynonymous-only,0,1,4,8505,"H×1, L×1, R×1, Y×1","CAT×4162, CGG×3159, CTG×1182, TAT×2"
285,nonsynonymous-only,0,1,3,8505,"P×1, S×1, T×1","CCT×8474, TCT×30, ACT×1"
287,nonsynonymous-only,0,1,3,4164,"I×1, S×1, T×1","ACA×3514, TCA×649, ATA×1"
288,nonsynonymous-only,0,1,3,4164,"A×1, T×1, V×1","GCT×4160, ACT×2, GTT×2"
289,nonsynonymous-only,0,1,3,8505,"R×2, L×1","CGT×4326, CTT×4164, CGA×15"
290,nonsynonymous-only,0,1,3,8505,"C×2, Y×1","TGT×4326, TAT×4164, TGC×15"
291,nonsynonymous-only,0,1,5,8505,"A×2, I×1, L×1, V×1","CTA×4164, GTC×3998, GCA×303, ATC×39, GCC×1"
292,nonsynonymous-only,0,1,2,8503,"K×1, N×1","AAC×8199, AAA×304"
293,nonsynonymous-only,0,1,3,8503,"K×2, T×1","ACA×4340, AAG×3629, AAA×534"
294,nonsynonymous-only,0,1,4,8503,"F×2, L×2","TTA×4135, TTC×3587, TTT×754, CTA×27"
295,nonsynonymous-only,0,1,2,4341,"N×1, S×1","AAT×4038, AGT×303"
296,nonsynonymous-only,0,1,2,4341,"K×1, Q×1","CAA×4038, AAA×303"
298,synonymous-only,1,0,2,4341,L×2,"TTA×4038, CTT×303"
301,nonsynonymous-only,0,1,2,4341,"A×1, T×1","ACG×4038, GCC×303"
303,nonsynonymous-only,0,1,4,8503,"V×2, I×1, N×1","GTA×4160, ATT×4038, AAT×303, GTC×2"
304,nonsynonymous-only,0,1,3,8501,"S×2, G×1","GGT×4159, AGC×2881, AGT×1461"
305,nonsynonymous-only,0,1,4,8501,"A×1, K×1, R×1, V×1","GCA×4159, AGA×4038, AAA×303, GTA×1"
306,nonsynonymous-only,0,1,8,8501,"K×2, R×2, A×1, I×1, S×1, T×1","AGA×4060, AGG×3973, GCT×303, ATA×77, AGT×49, AAA×23, AAG×13, ACG×3"
307,nonsynonymous-only,0,1,3,8501,"I×1, N×1, V×1","AAT×4160, ATT×4036, GTT×305"
308,nonsynonymous-only,0,1,3,8501,"E×2, G×1","GAA×4177, GGA×4160, GAG×164"
309,nonsynonymous-only,0,1,3,4341,"H×2, Y×1","TAT×4038, CAT×243, CAC×60"
310,nonsynonymous-only,0,1,2,4341,"A×1, V×1","GCT×4037, GTT×304"
